 1.000000  0.246741 -0.199109  0.247050  0.156998  0.244181
 0.246741  1.000000  0.339691  0.999990  0.992742 -0.740513
-0.199109  0.339691  1.000000  0.341647  0.327628 -0.320764
 0.247050  0.999990  0.341647  1.000000  0.992548 -0.739092
 0.156998  0.992742  0.327628  0.992548  1.000000 -0.776348
 0.244181 -0.740513 -0.320764 -0.739092 -0.776348  1.000000